ansible/lib,ansible.module_utils.facts.hardware.netbsd
0.541304,26314,930301
0.541304,15040,956515
0.145452,15921,934778
0.541304,15862,907241

ansible/lib,ansible.module_utils.facts.network.hpux
0.256031,26133
0.256031,27550
0.782692,15800
0.256031,16089

ansible/lib,ansible.module_utils.facts.system.cmdline
0.709524,23213,505156
0.709524,14040,521234
0.598997,15460,503559
0.709524,15697,543808

ansible/lib,ansible.module_utils.facts.system.fips
0.714286,38452,32395
0.714286,31148,37118
0.693464,24462,48876
0.714286,17292,36379

ansible/lib,ansible.module_utils.splitter
0.145452,17855,10723,9824
0.145452,14193,28751,10896,9612
0.643678,14199,11684,9681,11824,15120
0.145452,14079,10715,9779,15557,15889

ansible/lib,ansible.playbook.playbook_include
0.494771,30425,22553,20773
0.586275,15559,31534
0.682353,15197,34260
0.676471,18372,33733

ansible/lib,ansible.playbook.role.definition
0.578441,35842
0.648183,15297,33320
0.643678,14346,32249
0.648183,15126,40958

ansible/lib,ansible.playbook.taggable
0.471154,24306,24559,19156,17036,18075,18290
0.509615,14960,26575,20976,18494,17825,17682,16986
0.676471,22865,28317,23015,20705,18092,17184
0.548077,17588,26748,24820,25756,22798

ansible/lib,ansible.plugins.lookup.ini
0.172808,22285
0.172808,13925
0.172808,33668
0.172808,21626

ansible/lib,ansible.utils.lock
0.335165,16022
0.335165,14199
0.335165,15474,10759
0.335165,14961,10368

cookiecutter,tqdm.contrib.utils_worker
0.826599,38348
0.826599,14448,33515
0.826599,13856,30329
0.826599,13629,34505

docstring_parser,docstring_parser.google
0.615046,14819,573681,3130954,731622,57018,50528,39799,27065,42922,68277,57840,143632
0.756915,12960,569226,275818,185416,124540,59216,867965,37649,80650,40692,29453,51315,760579,112172
0.865574,14985,651820,584981,75651,248693,72023,174111,59687,29372,31114,47066,59263,69204,122875,147788
0.890460,13398,676838,374632,165885,267376,234006,194627,148031,198812,155612,34440,117312,39914,27036,42599,150577,3043708,101007

docstring_parser,docstring_parser.numpydoc
0.623662,2980760,94693,85790,154178,3821062,88532,29694,64118,157409,152124,87070
0.570046,14179,2864383,262821,39362,2819430,110959,26240,65577,67827,93366,72054
0.529573,2854073,79960,2891693,231919,30694,73622,186661,48110,290795
0.886608,15024,2940031,185239,224226,245121,257390,113352,35641,221964,248455,233638,115790,40196,19079,2877918,45471,65252,30570,100452

flutils,flutils.packages
0.183792,13749
0.967046,51459,85209,53462,40240,38471,38938,58654,36326
1.000000,15237,307252,42060
0.981755,14678,311484,100164,34803,29603,30947,29614,27074,28524,64652,29390

pytutils,pytutils.path
0.416667,22460
0.416667,15009
0.416667,15343,15345
1.000000,17460,18186

pyMonet,pymonet.monad_try
0.863182,32652,11450,11626,13366,11952,11861,26055
0.863182,13337,12028,21210,21966,13134,12952,11259,35410,14091
0.843182,13844,12272,122334,28518,14280,16826,13963,12967,11394,11563,12260
0.843182,13832,11825,14093,14870,16254,12901,10484,10142,16524,100539

pyMonet,pymonet.semigroups
0.978419,17200,161173,33512,20666,26324,29073,43299,46333,26392,32019,23039,26991,20896,11063,9970,20214
0.978419,14265,11474,119270,24613,43766,30631,23717,42010,31468,23674,32037,23860,26199
0.978419,16690,12158,20804,17545,119734,26865,25902,35381,22022,31687,12226,28963,27895,12154,20445, 34215,18563
0.978419,15381,11297,33074,111849,42956,21744,28387,30977,13619,27553,11891,19928,11644,26530,18651

pyMonet,pymonet.utils
0.671053,17069,10732,10359
0.662281,15818,10588,10400
0.671053,12765,9627,17088,15502
0.671053,14067,11253,13503,13911,9734,10740

typesystem,typesystem.formats
0.685919,19936,12029
0.724607,14692,37477,61444,10268,28021,12570,10008,11513,21008,42519,17190
0.978261,14347,11893,33174,42949,45707,33773,36423,18384,10270,31018,27381,25872,36676,40339,15404
0.964566,13784,13203,55945,35658,28186,19394,10094,36424,38523,24613,19804,23937

typesystem,typesystem.composites
0.809325,23377,14635,12288,16452,18973,28090
0.901190,13704,15600,14137,18331,12856
0.886508,21398,37681,19217,20647,62699
0.886905,19645,17434,32549,18547,67252

